Computadores Lac 

041213
041201
041189
043450
041212
041214
044156
041204
041198
041195
041210
039912
041194
034290
042938
038804
041209
042931
043460
041183
041218
041205
039949
041193
042887
039957
039932
044163
039944
039967
039953
039918
044437
039939
044166
039925
039926
039954
039947
039921
039934
039910
042893
039819
041215
042930
039931
045228
042888
042885
039922
039943
039956
041186
042941
041203
042899
041184
041191
041180
041192
041211
041187
041185
045430
045429
041208
039941
041197
042886
039962
042802
039958
042939
039924
042891
039961
033414
039930 - gabinete 



Monitor

043473
043470
043480
043479
043471
043475
043472
043474
043462
043477
040012
040030
055261
039336
055107
040020
039992
040035
040051
040024
040015
040025
040026
044131
040144
044143
044139
044136
039737 
039738 
044132

Total= 34


Mini computador 

054627
054604
054631
054587
054613
050221
053025
054629
054592
054601
050217
050226
054597
054628
050223
054621
050232
054620
051039
050219
050231
051036
054630
054603
050214
050226
054610
054606
054589
054615
054634
054605
054618
054612
054598
051048
051037
054595
051040
051041
051034
054586
051042
050229
054607
051038
051050
051045
050223
050216
051044
050216
054599
054588
054593
051046
051051
054625
054590
054608
050220
054635
050225
054623
050224
051049
050218
054617
051052
054614
054619
054594
050215
054591
054609
054600
051047
054632
054622
051035


Total mini computador: 79

Notebook

038248

Estabilizador - funcionando = 178

Estabilizador - descarte = 69

Câmera 

44442
44441
052352
044149
044151

Total=5

Placa de vídeo = 93

Scanner = 2

33245
38872

Mesa Digitalizadora

040223

Roteador = 41

Sacos de Cabos diversos= 9

GPS = 2 

038254
040882
